10508976
10917600
12075344
12459472
14647384
15140959
15141005
15141377
15165741
15194747
15294014
15530413
15661082
15878679
15916886
15928078
16001071
16014971
16043521
16322590
16575523
16605322
16894145
17176632
17254295
17397959
17451827
17468837
17707944
17922571
18550812
18848474
18990722
19079579
19120477
19153232
19394665
19398035
19441924
19853271
19906920
20020050
20081832
20610717
20844577
21068237
21094187
21226606
21325420
21356136
21356245
21370095
21775467
21918681
21937658
22058416
22074594
22094080
22155224
22253445
22348444
22355083
22383584
22412934
22536196
22548703
22566812
22572391
22651900
22734019
22936401
23079107
23118935
23136555
23170002
23375135
23519785
23608630
23728212
23785035
23812988
23977435
23999497
24043791
24065148
24078682
24129118
24155396
24266983
24278009
24291252
24336805
24343264
24362690
24448569
24556409
24564375
24750692
24825891
24838750
24888553
24898369
24961742
24987391
25050823
25135833
25522349
25592596
25746232
25767696
25843213
25887162
25932872
25964458
25977790
26000846
26033355
26181387
26200752
26235087
26343579
26361500
26361502
26473911
26702035
26708987
26731284
26795250
26847650
26868298
26904540
26934220
26958916
27051512
27278364
27307624
27310357
27402677
27403523
27466418
27486199
27554092
27568284
27631026
27690086
27694210
27755276
27816430
27840112
27860276
27896968
27986392
28006777
28036339
28051158
28094330
28096803
28117364
28194022
28202588
28216251
28251869
28279346
28289176
28348067
28351377
28373583
28406322
28414053
28609250
28637757
28659436
28666369
28673016
28805681
28866584
28919042
28929969
28933757
29036627
29048466
29052924
29077026
29117571
29129810
29175850
29184555
29195078
29217279
29301196
29327081
29373257
29401667
29411775
29436184
29511076
29556226
29558678
29579036
29581215
29608179
29684165
29737283
29737396
29742983
29755452
29769653
29854853
29855333
29886109
29925568
29928736
29939125
29950016
30026479
30047088
30116242
30129196
30129197
30151590
30151595
30157776
30185776
30186985
30206219
30217093
30219309
30240512
30249998
30266097
30269970
30301856
30310104
30356117
30374074
30405419
30428545
30439714
30445495
30451879
30463975
30552534
30576488
30624649
30626688
30642334
30646565
30675519
30700167
30712865
30745900
30761102
30779733
30804941
30828347
30849247
30893947
30991966
30995501
31015739
31085641
31100972
31116959
31130969
31133031
31160783
31169078
31178118
31219223
31225582
31226023
31233808
31249734
31252170
31263465
31293570
31296843
31302901
31375585
31396233
31412955
31417163
31474969
31481020
31501885
31578288
31583627
31585000
31592241
31603193
31607545
31610541
31616667
31636628
31667646
31672983
31681255
31749803
31774950
31806905
31813964
31835023
31881961
31883088
31885519
31885521
31907445
31924756
31932725
31937643
31951121
31978945
31981224
31986264
31987001
31992387
32004427
32007145
32007627
32016718
32017984
32019669
32020374
32022276
32022370
32025779
32025790
32026147
32026148
32027036
32029004
32032529
32034323
32034659
32035028
32037473
32052373
32052466
32052846
32054787
32057769
32061198
32068831
32078632
32081636
32081774
32083328
32085846
32092483
32092539
32094336
32094589
32104915
32105090
32109013
32110742
32113509
32113510
32113704
32119961
32120929
32123397
32124990
32125140
32125455
32125642
32127540
32127666
32129518
32130973
32132669
32132681
32139671
32139904
32142651
32142773
32142938
32143502
32144890
32147628
32152598
32155444
32165541
32166483
32167166
32167524
32167747
32169119
32169481
32170560
32171076
32171193
32171740
32172669
32173110
32173241
32173287
32173576
32176772
32178547
32178593
32178711
32179150
32186711
32186952
32187458
32187463
32187464
32188729
32188753
32189136
32190290
32192578
32193831
32194980
32194995
32196387
32196678
32198291
32198713
32201080
32203186
32203188
32203189
32205204
32205856
32209698
32210422
32213337
32213556
32213647
32214079
32215589
32215598
32215613
32216698
32216803
32216961
32217556
32217650
32217835
32218301
32218527
32219356
32219428
32220278
32220422
32220633
32220710
32221133
32221292
32221306
32221983
32222466
32224164
32225175
32225176
32227090
32227760
32227916
32228226
32231336
32231345
32232214
32235945
32240123
32240634
32245814
32246845
32251768
32259560
32265513
32275319
32284584
32284613
32284614
32284616
32292689
32320003
32325025
32333915
32356908
32363255
32366817